274442
274971
274998
275001
275073
275310
275311
275344
275371
275375
275376
274244
274250
274338
274344
274969
275068
275345
275370
274441
275074
274970
275282
274339
275125
275338
273158
273409
273502
274315
273493
273554
274314
274345
274387
274422
273555
274157
273302
273405
273447
274251
274284
274335
274420
273406
273450
274161
273494
274160
274172
274316
274388
273402
273449
274146
273492
275283
275337
275319
273403
273448
273503
274286
274319
274421
274440
275067
274955
275066
275309
274954
274968
274999
275293
275124
275291
275292
275059
275284
273408
273404
274382
275290
275000
274159
274337
274283
273425
273725
273730
274094
274241
273446
273410
273411
274200
273728
274240
274198
274199
274336
274317
275911
275912
276242
276243
275847
275890
275774
275886
275782
275834
275836
275920
276283
276092
276097
276244
275837
275761
275767
275832
275772
275776
275931
275833
275773
275777
275778
276282
275963
275918
275913
275923
275657
275658
275835
275921
275659
276454
276501
276502
276582
276586
276587
276775
276811
276458
276585
276776
276525
276653
276655
276659
276527
276581
276583
276794
276542
276543
276545
276808
276807
276318
276437
276363
276384
276810
276315
276361
276355
276317
276528
276544
276495
276584
277087
277094
277180
277194
277168
276831
276950
277305
276870
276834
277420
277112
277096
277127
277069
277070
277166
277148
276935
277126
277076
276940
276947
276948
277072
277071
276946
277073
278406
278509
278017
278018
278366
278240
278310
278308
278345
278346
278349
278803
278808
278167
278175
278239
278193
278273
278288
278315
278805
278769
278770
278801
278802
278804
277981
277992
278274
277991
278289
278290
279716
279931
279966
280384
280385
280364
279975
279766
279794
279841
279767
279760
279823
279844
279887
280249
280251
280330
279588
279653
279654
280349
279993
279994
280015
280013
280363
280191
280194
280024
280017
280018
280020
280187
280188
280327
280242
280016
280383
279658
279656
279667
279694
278874
278875
278923
278962
279715
278969
278820
278822
278873
278957
278963
278975
279024
279029
279080
279071
279115
279683
279684
279685
279691
279681
279682
278986
278976
279116
279479
283408
283416
283453
283478
281693
281707
283548
283680
283681
283682
283685
283820
283830
283834
283835
283865
283876
283877
283884
283885
283933
283934
283946
281726
283964
284006
284014
284025
284029
284035
281727
281797
281613
281639
281641
281975
281976
282033
282034
282035
282037
282092
282708
282710
282712
282730
282731
282732
282733
282734
282735
282800
282807
282814
282842
282917
282918
282919
282922
282923
283042
283043
283049
283050
283052
283059
283270
283283
283305
283306
283307
283308
283353
283358
283359
283407
284036
284037
284038
284039
284040
284041
284042
284043
284044
