100 0.001 1.39420563E+02 1.97235075E-11 9.44338500E-01
100 0.1 1.39420563E+02 1.97235078E-13 9.44338500E-01
100 10 1.39420563E+02 1.97235052E-15 9.44338500E-01
100 200 1.39420563E+02 9.86184314E-17 9.44338500E-01
100 400 1.39420563E+02 4.93091297E-17 9.44338441E-01
100 600 1.39420563E+02 3.28725943E-17 9.44338560E-01
100 800 1.39420563E+02 2.46544308E-17 9.44338500E-01
100 1000 1.39420563E+02 1.97235063E-17 9.44338441E-01
100 1200 1.39420563E+02 1.64363187E-17 9.44338381E-01
100 10000 1.39420563E+02 1.97236502E-18 9.44338441E-01
150 0.001 2.12120834E+02 1.97215681E-11 8.57347429E-01
150 0.1 2.12120834E+02 1.97215684E-13 8.57347369E-01
150 10 2.12120834E+02 1.97215634E-15 8.57347429E-01
150 200 2.12120834E+02 9.86077310E-17 8.57347310E-01
150 400 2.12120834E+02 4.93038953E-17 8.57347369E-01
150 600 2.12120834E+02 3.28692690E-17 8.57347429E-01
150 800 2.12120834E+02 2.46519327E-17 8.57347310E-01
150 1000 2.12120834E+02 1.97215690E-17 8.57347369E-01
150 1200 2.12120834E+02 1.64346296E-17 8.57347369E-01
150 10000 2.12120834E+02 1.97215616E-18 8.57347310E-01
200 0.001 2.84791931E+02 1.97595083E-11 8.14181805E-01
200 0.1 2.84791931E+02 1.97595060E-13 8.14181864E-01
200 10 2.84791931E+02 1.97595041E-15 8.14181864E-01
200 200 2.84791931E+02 9.87972943E-17 8.14181864E-01
200 400 2.84791931E+02 4.93987762E-17 8.14181805E-01
200 600 2.84791931E+02 3.29324888E-17 8.14181924E-01
200 800 2.84791931E+02 2.46993236E-17 8.14181864E-01
200 1000 2.84791931E+02 1.97595068E-17 8.14181864E-01
200 1200 2.84791931E+02 1.64662328E-17 8.14181864E-01
200 10000 2.84791931E+02 1.97595147E-18 8.14181805E-01
250 0.001 3.57533295E+02 1.97346132E-11 7.92751014E-01
250 0.1 3.57533295E+02 1.97346168E-13 7.92751014E-01
250 10 3.57533295E+02 1.97346162E-15 7.92751014E-01
250 200 3.57533295E+02 9.86733959E-17 7.92751014E-01
250 400 3.57533295E+02 4.93366053E-17 7.92751014E-01
250 600 3.57533295E+02 3.28910239E-17 7.92751074E-01
250 800 3.57533295E+02 2.46682629E-17 7.92751014E-01
250 1000 3.57533295E+02 1.97346137E-17 7.92751074E-01
250 1200 3.57533295E+02 1.64455434E-17 7.92751014E-01
250 10000 3.57533295E+02 1.97345400E-18 7.92751014E-01
300 0.001 4.30405304E+02 1.97194379E-11 7.80865729E-01
300 0.1 4.30405304E+02 1.97194366E-13 7.80865729E-01
300 10 4.30405304E+02 1.97194395E-15 7.80865788E-01
300 200 4.30405304E+02 9.85968387E-17 7.80865729E-01
300 400 4.30405304E+02 4.92984723E-17 7.80865729E-01
300 600 4.30405304E+02 3.28656956E-17 7.80865729E-01
300 800 4.30405304E+02 2.46492891E-17 7.80865729E-01
300 1000 4.30405304E+02 1.97194382E-17 7.80865729E-01
300 1200 4.30405304E+02 1.64328544E-17 7.80865729E-01
300 10000 4.30405304E+02 1.97193882E-18 7.80865729E-01
350 0.001 5.03372681E+02 1.97212854E-11 7.73663223E-01
350 0.1 5.03372681E+02 1.97212865E-13 7.73663223E-01
350 10 5.03372681E+02 1.97212839E-15 7.73663163E-01
350 200 5.03372681E+02 9.86065266E-17 7.73663223E-01
350 400 5.03372681E+02 4.93031773E-17 7.73663223E-01
350 600 5.03372681E+02 3.28688224E-17 7.73663223E-01
350 800 5.03372681E+02 2.46515589E-17 7.73663223E-01
350 1000 5.03372681E+02 1.97212861E-17 7.73663223E-01
350 1200 5.03372681E+02 1.64343946E-17 7.73663223E-01
350 10000 5.03372681E+02 1.97212700E-18 7.73663223E-01
400 0.001 5.76420471E+02 1.97406171E-11 7.68983364E-01
400 0.1 5.76420471E+02 1.97406192E-13 7.68983364E-01
400 10 5.76420471E+02 1.97406153E-15 7.68983364E-01
400 200 5.76420471E+02 9.87031876E-17 7.68983364E-01
400 400 5.76420471E+02 4.93515409E-17 7.68983364E-01
400 600 5.76420471E+02 3.29010692E-17 7.68983364E-01
400 800 5.76420471E+02 2.46757969E-17 7.68983364E-01
400 1000 5.76420471E+02 1.97406157E-17 7.68983364E-01
400 1200 5.76420471E+02 1.64505147E-17 7.68983305E-01
400 10000 5.76420471E+02 1.97406136E-18 7.68983305E-01
500 0.001 7.22850281E+02 1.98393281E-11 7.63475120E-01
500 0.1 7.22850281E+02 1.98393304E-13 7.63475120E-01
500 10 7.22850281E+02 1.98393306E-15 7.63475120E-01
500 200 7.22850281E+02 9.91967299E-17 7.63475120E-01
500 400 7.22850281E+02 4.95984444E-17 7.63475120E-01
500 600 7.22850281E+02 3.30655160E-17 7.63475120E-01
500 800 7.22850281E+02 2.47991825E-17 7.63475120E-01
500 1000 7.22850281E+02 1.98393281E-17 7.63475120E-01
500 1200 7.22850281E+02 1.65327861E-17 7.63475120E-01
500 10000 7.22850281E+02 1.98392983E-18 7.63475120E-01
600 0.001 8.69584106E+02 1.99784946E-11 7.60478437E-01
600 0.1 8.69584106E+02 1.99784959E-13 7.60478497E-01
600 10 8.69584106E+02 1.99784960E-15 7.60478497E-01
600 200 8.69584106E+02 9.98921969E-17 7.60478556E-01
600 400 8.69584106E+02 4.99462275E-17 7.60478497E-01
600 600 8.69584106E+02 3.32974640E-17 7.60478497E-01
600 800 8.69584106E+02 2.49731005E-17 7.60478497E-01
600 1000 8.69584106E+02 1.99784946E-17 7.60478497E-01
600 1200 8.69584106E+02 1.66487287E-17 7.60478497E-01
600 10000 8.69584106E+02 1.99784301E-18 7.60478556E-01
