100 0.1 2.18318 0.00612122
100 10 2.19101 0.0060641
100 600 2.1437 0.00634526
100 1200 2.10999 0.00589819
150 0.1 0.217511 0.000611803
150 10 0.21779 0.000608302
150 600 0.21713 0.000632027
150 1200 0.217984 0.00062521
200 0.1 0.0401172 0.000112983
200 10 0.0400735 0.000114587
200 600 0.0400124 0.000117277
200 1200 0.0403603 0.000122968
250 0.1 0.0109216 3.10494e-05
250 10 0.0109236 3.07787e-05
250 600 0.0109279 3.07219e-05
250 1200 0.0109101 3.11508e-05
300 0.1 0.00387135 1.04876e-05
300 10 0.0038706 1.04193e-05
300 600 0.00388035 1.19327e-05
300 1200 0.0038618 1.05466e-05
350 0.1 0.00161162 4.21939e-06
350 10 0.00160427 4.21739e-06
350 600 0.00161068 4.18939e-06
350 1200 0.00160865 4.26028e-06
400 0.1 0.00073187 1.86478e-06
400 10 0.000731975 1.87725e-06
400 600 0.000728273 1.97833e-06
400 1200 0.000731161 2.32383e-06
