100 0p001 2.274e+00 3.908e-03
100 0p1 2.168e+00 4.775e-03
100 10 2.153e+00 3.787e-03
100 200 2.174e+00 5.025e-03
100 400 2.167e+00 4.107e-03
100 600 2.189e+00 5.143e-03
100 800 2.172e+00 4.849e-03
100 1000 2.163e+00 4.651e-03
100 1200 2.150e+00 6.125e-03
100 10000 2.268e+00 4.968e-03
150 0p001 2.349e-01 4.225e-04
150 0p1 2.274e-01 7.446e-04
150 10 2.285e-01 5.497e-04
150 200 2.283e-01 4.900e-04
150 400 2.281e-01 4.710e-04
150 600 2.257e-01 4.787e-04
150 800 2.281e-01 6.365e-04
150 1000 2.287e-01 5.604e-04
150 1200 2.282e-01 4.666e-04
150 10000 2.346e-01 5.403e-04
200 0p001 4.517e-02 7.712e-05
200 0p1 4.454e-02 8.147e-05
200 10 4.449e-02 7.912e-05
200 200 4.445e-02 7.498e-05
200 400 4.450e-02 9.106e-05
200 600 4.448e-02 7.488e-05
200 800 4.464e-02 1.033e-04
200 1000 4.437e-02 7.993e-05
200 1200 4.426e-02 7.479e-05
200 10000 4.532e-02 7.594e-05
250 0p001 1.282e-02 2.693e-05
250 0p1 1.257e-02 2.553e-05
250 10 1.261e-02 2.988e-05
250 200 1.262e-02 2.290e-05
250 400 1.260e-02 2.146e-05
250 600 1.261e-02 2.114e-05
250 800 1.261e-02 2.367e-05
250 1000 1.258e-02 2.320e-05
250 1200 1.258e-02 2.298e-05
250 10000 1.272e-02 2.168e-05
300 0p001 4.495e-03 8.079e-06
300 0p1 4.458e-03 8.987e-06
300 10 4.452e-03 1.324e-05
300 200 4.429e-03 9.140e-06
300 400 4.449e-03 9.191e-06
300 600 4.442e-03 8.987e-06
300 800 4.448e-03 8.441e-06
300 1000 4.454e-03 8.358e-06
300 1200 4.466e-03 7.985e-06
300 10000 4.475e-03 8.945e-06
350 0p001 1.799e-03 3.200e-06
350 0p1 1.784e-03 2.919e-06
350 10 1.787e-03 2.963e-06
350 200 1.790e-03 3.761e-06
350 400 1.786e-03 3.444e-06
350 600 1.791e-03 3.813e-06
350 800 1.785e-03 3.180e-06
350 1000 1.790e-03 3.453e-06
350 1200 1.784e-03 3.168e-06
350 10000 1.802e-03 3.568e-06
400 0p001 7.817e-04 1.438e-06
400 0p1 7.764e-04 1.486e-06
400 10 7.785e-04 1.709e-06
400 200 7.784e-04 1.488e-06
400 400 7.786e-04 1.407e-06
400 600 7.776e-04 1.642e-06
400 800 7.758e-04 2.130e-06
400 1000 7.779e-04 1.290e-06
400 1200 7.777e-04 1.251e-06
400 10000 7.865e-04 2.558e-06
500 0p1 1.700e-04 3.146e-07
500 0p1 1.700e-04 3.146e-07
500 0p1 1.700e-04 3.146e-07
500 0p1 1.700e-04 3.146e-07
500 0p1 1.700e-04 3.146e-07
500 0p1 1.700e-04 3.146e-07
500 0p1 1.700e-04 3.146e-07
500 0p1 1.700e-04 3.146e-07
500 0p1 1.700e-04 3.146e-07
500 0p1 1.700e-04 3.146e-07
600 0p1 4.243e-05 9.520e-08
600 0p1 4.243e-05 9.520e-08
600 0p1 4.243e-05 9.520e-08
600 0p1 4.243e-05 9.520e-08
600 0p1 4.243e-05 9.520e-08
600 0p1 4.243e-05 9.520e-08
600 0p1 4.243e-05 9.520e-08
600 0p1 4.243e-05 9.520e-08
600 0p1 4.243e-05 9.520e-08
600 0p1 4.243e-05 9.520e-08
