275778
275782
275832
275833
275834
275657
275658
275834
275835
275836
275837
275658
275837
275847
275658
275659
275847
275886
275890
275911
275659
275761
275767
275772
275773
275774
275911
275912
275913
275918
275920
275921
275923
275774
275923
275931
275963
276092
276097
276242
275774
275776
276242
276243
276244
275776
275777
276244
276282
276283
275777
275778
276283
275778
274338
274339
274344
274345
274382
274387
274388
273405
273406
273408
273409
274388
273409
273410
274388
274420
274421
274422
273410
273411
273425
274422
274440
274441
273425
274441
274442
274954
274955
274968
273425
273446
273447
274968
274969
273447
274969
274970
274971
274998
274999
273447
273448
274999
275000
275001
273448
273449
275001
275059
275066
275067
273449
273450
275067
275068
275073
273450
273158
275073
275074
275124
275125
273450
275125
275282
275283
275284
275290
275291
275292
275293
275309
275310
273450
273492
275310
275311
273492
273493
275311
275319
275337
275338
273493
273494
275338
275344
275345
275370
275371
275375
273494
273502
275375
275376
273502
275376
273502
273503
273554
273158
273554
273555
273725
273158
273725
273728
273730
273158
273730
274094
274146
274159
274160
274161
274172
274198
274199
273158
274199
274200
274240
274241
273158
274241
274244
274250
274251
273158
273302
274251
274283
274284
274286
274314
274315
274316
273302
274316
274317
274319
274335
274336
274337
274338
273302
273402
273403
273404
273405
276811
276363
276384
276437
276315
276317
276437
276454
276458
276495
276501
276317
276318
276501
276502
276525
276318
276525
276527
276318
276355
276361
276527
276528
276542
276543
276544
276545
276581
276361
276581
276582
276583
276584
276585
276586
276587
276361
276587
276653
276655
276659
276775
276361
276775
276776
276794
276361
276363
276794
276807
276808
276810
276811
276363
276831
276834
276870
276831
276870
276935
276940
276831
276940
276946
276947
276948
276950
276831
276950
277069
277070
277071
277072
277073
277076
276831
277076
277087
277094
277096
276831
277096
277112
277126
277127
276831
277127
277148
277166
277168
276831
277168
277180
277194
276831
277194
277305
277420
276831
278167
278175
278193
278239
277981
277991
277992
278239
278240
278273
278274
278288
278289
278290
278308
277992
278017
278308
278310
278315
278345
278017
278345
278346
278349
278366
278406
278017
278406
278509
278769
278770
278801
278802
278803
278017
278018
278803
278804
278805
278808
278018
278167
278820
278822
278873
279931
279966
279975
278874
279975
279994
280187
280188
280191
280194
280242
280249
278874
278875
280249
280251
280330
280349
278875
280349
280363
280364
280384
280385
278875
280385
278875
278923
278957
278962
278963
278820
278963
278969
278975
278986
279024
279029
278820
279029
279071
279080
279115
279116
279479
279588
279653
278820
279653
279654
279656
279658
279667
278820
279667
279681
279682
279683
279685
279691
279694
278820
278822
279694
279715
279716
279760
278822
279760
279766
279767
279794
278822
279794
279823
279841
278822
279841
279844
279887
279931
