100 1 2.31724 0.00321417
100 10 2.153e+00 3.787e-03
100 50 2.30837 0.00319852
100 100 2.31168 0.00320476
100 200 2.174e+00 5.025e-03
100 400 2.167e+00 4.107e-03
100 600 2.189e+00 5.143e-03
100 800 2.172e+00 4.849e-03
100 1000 2.163e+00 4.651e-03
100 1200 2.150e+00 6.125e-03
100 10000 2.268e+00 4.968e-03
150 1 0.22839 0.000320254
150 10 2.285e-01 5.497e-04
150 50 0.228395 0.000319971
150 100 0.228522 0.000321172
150 200 2.283e-01 4.900e-04
150 400 2.281e-01 4.710e-04
150 600 2.257e-01 4.787e-04
150 800 2.281e-01 6.365e-04
150 1000 2.287e-01 5.604e-04
150 1200 2.282e-01 4.666e-04
150 10000 2.346e-01 5.403e-04
200 1 0.0410632 5.85261e-05
200 10 4.449e-02 7.912e-05
200 50 0.0410061 5.85077e-05
200 100 0.0411391 5.86895e-05
200 200 4.445e-02 7.498e-05
200 400 4.450e-02 9.106e-05
200 600 4.448e-02 7.488e-05
200 800 4.464e-02 1.033e-04
200 1000 4.437e-02 7.993e-05
200 1200 4.426e-02 7.479e-05
200 10000 4.532e-02 7.594e-05
250 1 0.0110806 1.5837e-05
250 10 1.261e-02 2.988e-05
250 50 0.0110433 1.57356e-05
259 100 0.0110536 1.57645e-05
250 200 1.262e-02 2.290e-05
250 400 1.260e-02 2.146e-05
250 600 1.261e-02 2.114e-05
250 800 1.261e-02 2.367e-05
250 1000 1.258e-02 2.320e-05
250 1200 1.258e-02 2.298e-05
250 10000 1.272e-02 2.168e-05
300 1 0.00388367 5.30055e-06
300 10 4.452e-03 1.324e-05
300 50 0.00388684 5.29335e-06
300 100 0.00388049 5.29787e-06
300 200 4.429e-03 9.140e-06
300 400 4.449e-03 9.191e-06
300 600 4.442e-03 8.987e-06
300 800 4.448e-03 8.441e-06
300 1000 4.454e-03 8.358e-06
300 1200 4.466e-03 7.985e-06
300 10000 4.475e-03 8.945e-06
350 1 0.00161502 2.11308e-06
350 10 1.787e-03 2.963e-06
350 50 0.00161881 2.12547e-06
350 100 0.00161884 2.12821e-06
350 200 1.790e-03 3.761e-06
350 400 1.786e-03 3.444e-06
350 600 1.791e-03 3.813e-06
350 800 1.785e-03 3.180e-06
350 1000 1.790e-03 3.453e-06
350 1200 1.784e-03 3.168e-06
350 10000 1.802e-03 3.568e-06
400 1 0.000731887 9.39814e-07
400 10 7.785e-04 1.709e-06
400 50 0.000731771 9.38809e-07
400 100 0.000730971 9.38822e-07
400 200 7.784e-04 1.488e-06
400 400 7.786e-04 1.407e-06
400 600 7.776e-04 1.642e-06
400 800 7.758e-04 2.130e-06
400 1000 7.779e-04 1.290e-06
400 1200 7.777e-04 1.251e-06
400 10000 7.865e-04 2.558e-06
