100 10 10.0033 1.39420563E+02 1.97235052E-15 9.44338500E-01
100 200 200.064 1.39420563E+02 9.86184314E-17 9.44338500E-01
100 400 400.129 1.39420563E+02 4.93091297E-17 9.44338441E-01
100 600 600.196 1.39420563E+02 3.28725943E-17 9.44338560E-01
100 800 800.262 1.39420563E+02 2.46544308E-17 9.44338500E-01
100 1000 1000.33 1.39420563E+02 1.97235063E-17 9.44338441E-01
100 1200 1200.39 1.39420563E+02 1.64363187E-17 9.44338381E-01
100 10000 10003.2 1.39420563E+02 1.97236502E-18 9.44338441E-01
150 10 10.0043 2.12120834E+02 1.97215634E-15 8.57347429E-01
150 200 200.086 2.12120834E+02 9.86077310E-17 8.57347310E-01
150 400 400.171 2.12120834E+02 4.93038953E-17 8.57347369E-01
150 600 600.257 2.12120834E+02 3.28692690E-17 8.57347429E-01
150 800 800.343 2.12120834E+02 2.46519327E-17 8.57347310E-01
150 1000 1000.43 2.12120834E+02 1.97215690E-17 8.57347369E-01
150 1200 1200.51 2.12120834E+02 1.64346296E-17 8.57347369E-01
150 10000 10004.3 2.12120834E+02 1.97215616E-18 8.57347310E-01
200 10 9.98507 2.84791931E+02 1.97595041E-15 8.14181864E-01
200 200 199.702 2.84791931E+02 9.87972943E-17 8.14181864E-01
200 400 399.403 2.84791931E+02 4.93987762E-17 8.14181805E-01
200 600 599.104 2.84791931E+02 3.29324888E-17 8.14181924E-01
200 800 798.807 2.84791931E+02 2.46993236E-17 8.14181864E-01
200 1000 998.507 2.84791931E+02 1.97595068E-17 8.14181864E-01
200 1200 1198.21 2.84791931E+02 1.64662328E-17 8.14181864E-01
200 10000 9985.06 2.84791931E+02 1.97595147E-18 8.14181805E-01
250 10 9.99766 3.57533295E+02 1.97346162E-15 7.92751014E-01
250 200 199.953 3.57533295E+02 9.86733959E-17 7.92751014E-01
250 400 399.906 3.57533295E+02 4.93366053E-17 7.92751014E-01
250 600 599.86 3.57533295E+02 3.28910239E-17 7.92751074E-01
250 800 799.813 3.57533295E+02 2.46682629E-17 7.92751014E-01
250 1000 999.766 3.57533295E+02 1.97346137E-17 7.92751074E-01
250 1200 1199.72 3.57533295E+02 1.64455434E-17 7.92751014E-01
250 10000 9997.7 3.57533295E+02 1.97345400E-18 7.92751014E-01
300 10 10.0054 4.30405304E+02 1.97194395E-15 7.80865788E-01
300 200 200.108 4.30405304E+02 9.85968387E-17 7.80865729E-01
300 400 400.215 4.30405304E+02 4.92984723E-17 7.80865729E-01
300 600 600.322 4.30405304E+02 3.28656956E-17 7.80865729E-01
300 800 800.429 4.30405304E+02 2.46492891E-17 7.80865729E-01
300 1000 1000.54 4.30405304E+02 1.97194382E-17 7.80865729E-01
300 1200 1200.64 4.30405304E+02 1.64328544E-17 7.80865729E-01
300 10000 10005.4 4.30405304E+02 1.97193882E-18 7.80865729E-01
350 10 10.0044 5.03372681E+02 1.97212839E-15 7.73663163E-01
350 200 200.088 5.03372681E+02 9.86065266E-17 7.73663223E-01
350 400 400.177 5.03372681E+02 4.93031773E-17 7.73663223E-01
350 600 600.265 5.03372681E+02 3.28688224E-17 7.73663223E-01
350 800 800.355 5.03372681E+02 2.46515589E-17 7.73663223E-01
350 1000 1000.44 5.03372681E+02 1.97212861E-17 7.73663223E-01
350 1200 1200.53 5.03372681E+02 1.64343946E-17 7.73663223E-01
350 10000 10004.4 5.03372681E+02 1.97212700E-18 7.73663223E-01
400 10 9.99462 5.76420471E+02 1.97406153E-15 7.68983364E-01
400 200 199.892 5.76420471E+02 9.87031876E-17 7.68983364E-01
400 400 399.785 5.76420471E+02 4.93515409E-17 7.68983364E-01
400 600 599.677 5.76420471E+02 3.29010692E-17 7.68983364E-01
400 800 799.569 5.76420471E+02 2.46757969E-17 7.68983364E-01
400 1000 999.462 5.76420471E+02 1.97406157E-17 7.68983364E-01
400 1200 1199.35 5.76420471E+02 1.64505147E-17 7.68983305E-01
400 10000 9994.62 5.76420471E+02 1.97406136E-18 7.68983305E-01
