256630
256673
256674
256675
256676
256677
256801
256842
256843
256866
256867
256868
256869
256926
256941
257461
257531
257599
257613
257614
257645
257682
257722
257723
257735
257751
257804
257805
257816
257819
257968
257969
258129
258136
258157
258158
258159
258177
258211
258213
258214
258215
258287
258403
258425
258426
258427
258428
258432
258434
258440
258444
258445
258446
258448
258655
258656
258694
258702
258703
258705
258706
258712
258713
258714
258741
258742
258745
258749
258750
259626
259637
259681
259683
259685
259686
259721
259809
259810
259811
259813
259817
259818
259820
259821
259822
259861
259862
259884
259890
259891
260373
260424
260425
260426
260427
260431
260532
260533
260534
260536
260538
260541
260575
260576
260577
260593
260627
